# Time	Ca_c	IP3	Ca_s	s9	TimeT	Ca_B	s10	s8	s5	s11	s7	s13	
0	117.2	0	2.83e+06	0	0	3870	0	0	0	0	0	0	
3.33333e-13	117.2	0	2.83e+06	1.92434e-10	3.33333e-13	3870	8.17084e-10	0	0	-1e-09	0	-3.33333e-13	
6.66667e-13	117.2	1.45519e-27	2.83e+06	3.84868e-10	6.66667e-13	3870	1.63417e-09	4.85064e-40	0	-2e-09	-1.45519e-27	-6.66667e-13	
3.334e-09	117.2	1.45534e-23	2.83e+06	1.92472e-06	3.334e-09	3870	8.17246e-06	2.42578e-32	0	-1.0002e-05	-1.45534e-23	-3.334e-09	
6.66733e-09	117.199	2.18293e-23	2.83e+06	3.84905e-06	6.66733e-09	3870	1.63433e-05	8.48955e-32	0	-2.0002e-05	-2.18293e-23	-6.66733e-09	
1.00007e-08	117.199	2.91053e-23	2.83e+06	5.77338e-06	1.00007e-08	3870	2.45141e-05	1.69786e-31	0	-3.0002e-05	-2.91053e-23	-1.00007e-08	
4.3334e-08	117.196	-4.31705e-22	2.83e+06	2.50164e-05	4.3334e-08	3870	0.000106221	-5.05806e-30	0	-0.000130002	4.31705e-22	-4.3334e-08	
7.66673e-08	117.192	2.06637e-21	2.83e+06	4.42591e-05	7.66673e-08	3870.01	0.000187926	1.39673e-29	0	-0.000230002	-2.06637e-21	-7.66673e-08	
1.10001e-07	117.189	7.97203e-21	2.83e+06	6.35013e-05	1.10001e-07	3870.01	0.00026963	1.71808e-28	0	-0.000330002	-7.97203e-21	-1.10001e-07	
1.43334e-07	117.186	1.87768e-20	2.83e+06	8.27431e-05	1.43334e-07	3870.01	0.000351332	6.04014e-28	0	-0.000430002	-1.87768e-20	-1.43334e-07	
4.76667e-07	117.152	7.82995e-19	2.83e+06	0.000275138	4.76667e-07	3870.05	0.00116826	9.41525e-26	0	-0.00143	-7.82995e-19	-4.76667e-07	
8.10001e-07	117.119	3.62155e-18	2.83e+06	0.000467492	8.10001e-07	3870.08	0.00198501	7.50535e-25	0	-0.00243	-3.62155e-18	-8.10001e-07	
1.14333e-06	117.086	1.00428e-17	2.83e+06	0.000659805	1.14333e-06	3870.11	0.0028016	2.90746e-24	0	-0.00343	-1.00428e-17	-1.14333e-06	
1.47667e-06	117.053	2.15451e-17	2.83e+06	0.000852076	1.47667e-06	3870.15	0.00361801	8.01016e-24	0	-0.00443	-2.15451e-17	-1.47667e-06	
1.81e-06	117.02	3.96091e-17	2.83e+06	0.00104431	1.81e-06	3870.18	0.00443426	1.79997e-23	0	-0.00543	-3.96091e-17	-1.81e-06	
5.14333e-06	116.693	9.06358e-16	2.83e+06	0.00296435	5.14333e-06	3870.51	0.0125875	1.16578e-21	0	-0.01543	-9.06359e-16	-5.14333e-06	
8.47667e-06	116.372	4.05896e-15	2.83e+06	0.00488035	8.47667e-06	3870.83	0.0207242	8.60049e-21	0	-0.02543	-4.05897e-15	-8.47667e-06	
1.181e-05	116.058	1.09774e-14	2.83e+06	0.00679237	1.181e-05	3871.14	0.0288446	3.24095e-20	0	-0.03543	-1.09775e-14	-1.181e-05	
1.51433e-05	115.75	2.31416e-14	2.83e+06	0.00870049	1.51433e-05	3871.45	0.036949	8.76119e-20	0	-0.04543	-2.31417e-14	-1.51433e-05	
1.84767e-05	115.449	4.2031e-14	2.83e+06	0.0106048	1.84767e-05	3871.75	0.0450378	1.94159e-19	0	-0.05543	-4.20312e-14	-1.84767e-05	
4.20735e-05	113.476	4.95993e-13	2.83e+06	0.0239812	4.20735e-05	3873.72	0.101875	5.21798e-18	0	-0.126221	-4.95998e-13	-4.20735e-05	
6.56704e-05	111.763	1.88494e-12	2.83e+06	0.0371909	6.56704e-05	3875.43	0.158035	3.09563e-17	0	-0.197011	-1.88497e-12	-6.56704e-05	
8.92672e-05	110.276	4.73158e-12	2.83e+06	0.0502538	8.92672e-05	3876.92	0.213604	1.05641e-16	0	-0.267802	-4.73169e-12	-8.92672e-05	
0.000112864	108.984	9.55738e-12	2.83e+06	0.0631878	0.000112864	3878.22	0.268655	2.69825e-16	0	-0.338592	-9.55765e-12	-0.000112864	
0.000136461	107.863	1.68826e-11	2.83e+06	0.0760085	0.000136461	3879.34	0.323254	5.76349e-16	0	-0.409383	-1.68831e-11	-0.000136461	
0.000160058	106.89	2.72261e-11	2.83e+06	0.0887299	0.000160058	3880.32	0.377458	1.09032e-15	0	-0.480173	-2.72272e-11	-0.000160058	
0.000193102	105.738	4.77702e-11	2.83e+06	0.106401	0.000193102	3881.47	0.452797	2.30838e-15	0	-0.579307	-4.77725e-11	-0.000193102	
0.000226147	104.793	7.66666e-11	2.83e+06	0.123931	0.000226147	3882.42	0.527578	4.33943e-15	0	-0.678442	-7.66709e-11	-0.000226147	
0.000259192	104.018	1.15328e-10	2.83e+06	0.141343	0.000259192	3883.21	0.601899	7.4828e-15	0	-0.777576	-1.15336e-10	-0.000259192	
0.000292237	103.382	1.65164e-10	2.83e+06	0.158659	0.000292237	3883.85	0.675842	1.20845e-14	0	-0.87671	-1.65176e-10	-0.000292237	
0.000325281	102.86	2.27576e-10	2.83e+06	0.175895	0.000325281	3884.38	0.749474	1.85369e-14	0	-0.975844	-2.27595e-10	-0.000325281	
0.000358326	102.432	3.03965e-10	2.83e+06	0.193064	0.000358326	3884.82	0.822849	2.72788e-14	0	-1.07498	-3.03993e-10	-0.000358326	
0.000406515	101.941	4.43297e-10	2.83e+06	0.218009	0.000406515	3885.32	0.929486	4.5144e-14	0	-1.21955	-4.43342e-10	-0.000406515	
0.000454705	101.574	6.19623e-10	2.83e+06	0.242866	0.000454705	3885.7	1.03579	7.05976e-14	0	-1.36411	-6.19693e-10	-0.000454705	
0.000502894	101.298	8.37228e-10	2.83e+06	0.267657	0.000502894	3885.99	1.14183	1.05526e-13	0	-1.50868	-8.37334e-10	-0.000502894	
0.000551084	101.092	1.10038e-09	2.83e+06	0.292399	0.000551084	3886.21	1.24769	1.5202e-13	0	-1.65325	-1.10053e-09	-0.000551084	
0.000599273	100.938	1.41332e-09	2.83e+06	0.317105	0.000599273	3886.38	1.3534	2.12379e-13	0	-1.79782	-1.41353e-09	-0.000599273	
0.000647463	100.822	1.78027e-09	2.83e+06	0.341782	0.000647463	3886.51	1.45901	2.89102e-13	0	-1.94239	-1.78056e-09	-0.000647463	
0.000705935	100.72	2.30409e-09	2.83e+06	0.371698	0.000705935	3886.62	1.58704	4.08077e-13	0	-2.1178	-2.3045e-09	-0.000705935	
0.000764407	100.648	2.9211e-09	2.83e+06	0.401592	0.000764407	3886.71	1.71499	5.60368e-13	0	-2.29322	-2.92166e-09	-0.000764407	
0.000822879	100.598	3.6387e-09	2.83e+06	0.431471	0.000822879	3886.78	1.84289	7.51642e-13	0	-2.46864	-3.63945e-09	-0.000822879	
0.000881351	100.562	4.46428e-09	2.83e+06	0.461339	0.000881351	3886.83	1.97074	9.87997e-13	0	-2.64405	-4.46527e-09	-0.000881351	
0.000939823	100.537	5.40518e-09	2.83e+06	0.4912	0.000939823	3886.88	2.09856	1.27596e-12	0	-2.81947	-5.40646e-09	-0.000939823	
0.000998295	100.52	6.46869e-09	2.83e+06	0.521055	0.000998295	3886.91	2.22637	1.62249e-12	0	-2.99488	-6.47032e-09	-0.000998295	
0.00106681	100.506	7.88063e-09	2.83e+06	0.556034	0.00106681	3886.95	2.3761	2.11301e-12	0	-3.20043	-7.88275e-09	-0.00106681	
0.00113532	100.497	9.48246e-09	2.83e+06	0.591009	0.00113532	3886.98	2.52583	2.70671e-12	0	-3.40597	-9.48517e-09	-0.00113532	
0.00120384	100.492	1.12857e-08	2.83e+06	0.625982	0.00120384	3887	2.67554	3.41699e-12	0	-3.61152	-1.12891e-08	-0.00120384	
0.00127235	100.488	1.33018e-08	2.83e+06	0.660954	0.00127235	3887.03	2.82525	4.25805e-12	0	-3.81706	-1.3306e-08	-0.00127235	
0.00134087	100.486	1.5542e-08	2.83e+06	0.695925	0.00134087	3887.05	2.97496	5.24485e-12	0	-4.02261	-1.55472e-08	-0.00134087	
0.00142894	100.484	1.8769e-08	2.83e+06	0.740876	0.00142894	3887.08	3.16739	6.75282e-12	0	-4.28681	-1.87757e-08	-0.00142894	
0.00151701	100.484	2.24087e-08	2.83e+06	0.785826	0.00151701	3887.11	3.35982	8.56302e-12	0	-4.55102	-2.24173e-08	-0.00151701	
0.00160507	100.484	2.64848e-08	2.83e+06	0.830776	0.00160507	3887.13	3.55225	1.07128e-11	0	-4.81522	-2.64955e-08	-0.00160507	
0.00169314	100.484	3.10205e-08	2.83e+06	0.875726	0.00169314	3887.16	3.74467	1.32416e-11	0	-5.07943	-3.10338e-08	-0.00169314	
0.00178503	100.484	3.62678e-08	2.83e+06	0.922625	0.00178503	3887.19	3.94544	1.6329e-11	0	-5.35509	-3.62842e-08	-0.00178503	
0.00187692	100.485	4.20667e-08	2.83e+06	0.969524	0.00187692	3887.21	4.14621	1.99237e-11	0	-5.63075	-4.20867e-08	-0.00187692	
0.0019688	100.485	4.8443e-08	2.83e+06	1.01642	0.0019688	3887.24	4.34698	2.40776e-11	0	-5.9064	-4.84671e-08	-0.0019688	
0.00206069	100.486	5.54221e-08	2.83e+06	1.06332	0.00206069	3887.27	4.54776	2.88449e-11	0	-6.18206	-5.5451e-08	-0.00206069	
0.00215257	100.487	6.30295e-08	2.83e+06	1.11022	0.00215257	3887.29	4.74853	3.42821e-11	0	-6.45772	-6.30638e-08	-0.00215257	
0.00224446	100.487	7.12902e-08	2.83e+06	1.15712	0.00224446	3887.32	4.9493	4.04482e-11	0	-6.73338	-7.13306e-08	-0.00224446	
0.00233635	100.488	8.0229e-08	2.83e+06	1.20402	0.00233635	3887.35	5.15008	4.74042e-11	0	-7.00904	-8.02764e-08	-0.00233635	
0.00242823	100.489	8.98706e-08	2.83e+06	1.25092	0.00242823	3887.38	5.35086	5.52137e-11	0	-7.2847	-8.99258e-08	-0.00242823	
0.00260199	100.49	1.1011e-07	2.83e+06	1.33961	0.00260199	3887.43	5.73052	7.25498e-11	0	-7.80596	-1.10182e-07	-0.00260199	
0.00277574	100.492	1.33111e-07	2.83e+06	1.4283	0.00277574	3887.48	6.11019	9.36401e-11	0	-8.32722	-1.33205e-07	-0.00277574	
0.00294949	100.493	1.59035e-07	2.83e+06	1.51699	0.00294949	3887.53	6.48987	1.18979e-10	0	-8.84848	-1.59154e-07	-0.00294949	
0.00312325	100.494	1.88039e-07	2.83e+06	1.60568	0.00312325	3887.58	6.86955	1.49087e-10	0	-9.36975	-1.88188e-07	-0.00312325	
0.00356413	100.498	2.76495e-07	2.83e+06	1.83074	0.00356413	3887.71	7.83296	2.5068e-10	0	-10.6924	-2.76745e-07	-0.00356413	
0.00367435	100.499	3.02149e-07	2.83e+06	1.887	0.00367435	3887.74	8.07381	2.82556e-10	0	-11.0231	-3.02432e-07	-0.00367435	
0.00378457	100.499	3.29295e-07	2.83e+06	1.94326	0.00378457	3887.78	8.31467	3.17341e-10	0	-11.3537	-3.29613e-07	-0.00378457	
0.0038948	100.5	3.57969e-07	2.83e+06	1.99953	0.0038948	3887.81	8.55553	3.55203e-10	0	-11.6844	-3.58325e-07	-0.0038948	
0.00400502	100.501	3.88208e-07	2.83e+06	2.05579	0.00400502	3887.84	8.79639	3.9631e-10	0	-12.015	-3.88604e-07	-0.00400502	
0.00411524	100.502	4.20046e-07	2.83e+06	2.11206	0.00411524	3887.87	9.03726	4.40839e-10	0	-12.3457	-4.20487e-07	-0.00411524	
0.00420712	100.503	4.47837e-07	2.83e+06	2.15896	0.00420712	3887.9	9.23806	4.80703e-10	0	-12.6214	-4.48318e-07	-0.00420712	
0.00429901	100.504	4.76786e-07	2.83e+06	2.20587	0.00429901	3887.93	9.43886	5.23175e-10	0	-12.897	-4.77309e-07	-0.00429901	
0.0043909	100.504	5.06911e-07	2.83e+06	2.25278	0.0043909	3887.95	9.63966	5.6836e-10	0	-13.1727	-5.0748e-07	-0.0043909	
0.00448278	100.505	5.38234e-07	2.83e+06	2.29969	0.00448278	3887.98	9.84046	6.16368e-10	0	-13.4484	-5.38851e-07	-0.00448278	
0.00457467	100.506	5.70775e-07	2.83e+06	2.34659	0.00457467	3888.01	10.0413	6.67311e-10	0	-13.724	-5.71442e-07	-0.00457467	
0.00466656	100.506	6.04551e-07	2.83e+06	2.3935	0.00466656	3888.04	10.2421	7.213e-10	0	-13.9997	-6.05273e-07	-0.00466656	
0.00475844	100.507	6.39584e-07	2.83e+06	2.44041	0.00475844	3888.06	10.4429	7.7845e-10	0	-14.2753	-6.40363e-07	-0.00475844	
0.00485033	100.508	6.75893e-07	2.83e+06	2.48732	0.00485033	3888.09	10.6437	8.38878e-10	0	-14.551	-6.76732e-07	-0.00485033	
0.0052544	100.511	8.51175e-07	2.83e+06	2.6936	0.0052544	3888.21	11.5267	1.14653e-09	0	-15.7632	-8.52322e-07	-0.0052544	
0.00565848	100.514	1.05307e-06	2.83e+06	2.89989	0.00565848	3888.33	12.4098	1.53033e-09	0	-16.9754	-1.0546e-06	-0.00565848	
0.00606255	100.517	1.28309e-06	2.83e+06	3.10619	0.00606255	3888.45	13.2929	2.00135e-09	0	-18.1877	-1.28509e-06	-0.00606255	
0.00646662	100.52	1.5427e-06	2.83e+06	3.31249	0.00646662	3888.57	14.1761	2.57124e-09	0	-19.3999	-1.54527e-06	-0.00646662	
0.00692388	100.524	1.87391e-06	2.83e+06	3.54595	0.00692388	3888.7	15.1754	3.35082e-09	0	-20.7716	-1.87726e-06	-0.00692388	
0.00738113	100.528	2.24674e-06	2.83e+06	3.77941	0.00738113	3888.83	16.1749	4.29128e-09	0	-22.1434	-2.25103e-06	-0.00738113	
0.00783839	100.531	2.66304e-06	2.83e+06	4.01289	0.00783839	3888.97	17.1743	5.41209e-09	0	-23.5152	-2.66845e-06	-0.00783839	
0.00829564	100.535	3.12456e-06	2.83e+06	4.24637	0.00829564	3889.1	18.1738	6.73353e-09	0	-24.8869	-3.1313e-06	-0.00829564	
0.0087529	100.538	3.63301e-06	2.83e+06	4.47985	0.0087529	3889.24	19.1733	8.27667e-09	0	-26.2587	-3.64128e-06	-0.0087529	
0.00928749	100.542	4.28909e-06	2.83e+06	4.75284	0.00928749	3889.39	20.3418	1.03912e-08	0	-27.8625	-4.29948e-06	-0.00928749	
0.00982209	100.547	5.01395e-06	2.83e+06	5.02584	0.00982209	3889.55	21.5105	1.28748e-08	0	-29.4663	-5.02682e-06	-0.00982209	
0.0103567	100.551	5.80989e-06	2.83e+06	5.29885	0.0103567	3889.71	22.6791	1.57647e-08	0	-31.0701	-5.82565e-06	-0.0103567	
0.0108913	100.555	6.6791e-06	2.83e+06	5.57187	0.0108913	3889.86	23.8478	1.90997e-08	0	-32.6738	-6.6982e-06	-0.0108913	
0.0114259	100.559	7.62366e-06	2.83e+06	5.84489	0.0114259	3890.02	25.0165	2.29193e-08	0	-34.2776	-7.64658e-06	-0.0114259	
0.0120623	100.564	8.84909e-06	2.83e+06	6.16993	0.0120623	3890.21	26.4079	2.81552e-08	0	-36.1869	-8.87725e-06	-0.0120623	
0.0126987	100.569	1.01872e-05	2.83e+06	6.49499	0.0126987	3890.39	27.7994	3.42067e-08	0	-38.0961	-1.02214e-05	-0.0126987	
0.0133351	100.574	1.16409e-05	2.83e+06	6.82006	0.0133351	3890.58	29.1908	4.11463e-08	0	-40.0054	-1.1682e-05	-0.0133351	
0.0139716	100.579	1.32129e-05	2.83e+06	7.14514	0.0139716	3890.77	30.5824	4.90487e-08	0	-41.9147	-1.32619e-05	-0.0139716	
0.014608	100.584	1.49058e-05	2.83e+06	7.47024	0.014608	3890.95	31.974	5.79898e-08	0	-43.8239	-1.49638e-05	-0.014608	
0.0155303	100.591	1.75786e-05	2.83e+06	7.94141	0.0155303	3891.22	33.9908	7.29502e-08	0	-46.5909	-1.76515e-05	-0.0155303	
0.0164526	100.598	2.05169e-05	2.83e+06	8.41261	0.0164526	3891.49	36.0078	9.04977e-08	0	-49.3579	-2.06074e-05	-0.0164526	
0.0173749	100.605	2.3727e-05	2.83e+06	8.88383	0.0173749	3891.76	38.0248	1.1088e-07	0	-52.1248	-2.38379e-05	-0.0173749	
0.0182973	100.613	2.72143e-05	2.83e+06	9.35508	0.0182973	3892.03	40.042	1.34351e-07	0	-54.8918	-2.73486e-05	-0.0182973	
0.0192196	100.62	3.09838e-05	2.83e+06	9.82637	0.0192196	3892.3	42.0593	1.61168e-07	0	-57.6588	-3.1145e-05	-0.0192196	
0.0201419	100.627	3.50401e-05	2.83e+06	10.2977	0.0201419	3892.57	44.0767	1.91594e-07	0	-60.4258	-3.52317e-05	-0.0201419	
0.0217643	100.639	4.28836e-05	2.83e+06	11.1268	0.0217643	3893.04	47.6256	2.54683e-07	0	-65.293	-4.31382e-05	-0.0217643	
0.0233867	100.652	5.16465e-05	2.83e+06	11.956	0.0233867	3893.51	51.1749	3.3124e-07	0	-70.1602	-5.19777e-05	-0.0233867	
0.0250092	100.665	6.13453e-05	2.83e+06	12.7853	0.0250092	3893.98	54.7245	4.22773e-07	0	-75.0275	-6.17681e-05	-0.0250092	
0.0266316	100.677	7.19938e-05	2.83e+06	13.6147	0.0266316	3894.45	58.2745	5.30809e-07	0	-79.8947	-7.25246e-05	-0.0266316	
0.028254	100.69	8.36032e-05	2.83e+06	14.4442	0.028254	3894.92	61.8248	6.569e-07	0	-84.7619	-8.42601e-05	-0.028254	
0.0298764	100.702	9.6183e-05	2.83e+06	15.2737	0.0298764	3895.39	65.3754	8.02611e-07	0	-89.6292	-9.69856e-05	-0.0298764	
0.0318771	100.717	0.000113044	2.83e+06	16.2969	0.0318771	3895.97	69.7545	1.01167e-06	0	-95.6314	-0.000114056	-0.0318771	
0.0338779	100.733	0.000131404	2.83e+06	17.3201	0.0338779	3896.55	74.1341	1.25596e-06	0	-101.634	-0.00013266	-0.0338779	
0.0358786	100.748	0.000151272	2.83e+06	18.3435	0.0358786	3897.13	78.5142	1.53849e-06	0	-107.636	-0.000152811	-0.0358786	
0.0378794	100.763	0.000172655	2.83e+06	19.3671	0.0378794	3897.7	82.8948	1.86228e-06	0	-113.638	-0.000174518	-0.0378794	
0.0398801	100.779	0.000195558	2.83e+06	20.3907	0.0398801	3898.28	87.2759	2.23038e-06	0	-119.64	-0.000197789	-0.0398801	
0.0418809	100.794	0.000219985	2.83e+06	21.4145	0.0418809	3898.85	91.6575	2.64583e-06	0	-125.643	-0.000222631	-0.0418809	
0.0446018	100.815	0.000255652	2.83e+06	22.807	0.0446018	3899.64	97.6172	3.29228e-06	0	-133.806	-0.000258945	-0.0446018	
0.0473228	100.836	0.000294144	2.83e+06	24.1998	0.0473228	3900.41	103.578	4.03963e-06	0	-141.968	-0.000298184	-0.0473228	
0.0500438	100.856	0.000335461	2.83e+06	25.5928	0.0500438	3901.19	109.539	4.89555e-06	0	-150.131	-0.000340357	-0.0500438	
0.0527647	100.877	0.000379602	2.83e+06	26.9861	0.0527647	3901.97	115.502	5.86774e-06	0	-158.294	-0.000385469	-0.0527647	
0.0554857	100.897	0.000426562	2.83e+06	28.3796	0.0554857	3902.74	121.465	6.96387e-06	0	-166.457	-0.000433526	-0.0554857	
0.0582066	100.918	0.000476339	2.83e+06	29.7733	0.0582066	3903.52	127.43	8.19161e-06	0	-174.62	-0.000484531	-0.0582066	
0.0621571	100.948	0.000553611	2.83e+06	31.7973	0.0621571	3904.64	136.091	1.02241e-05	0	-186.471	-0.000563835	-0.0621571	
0.0661075	100.978	0.00063679	2.83e+06	33.8217	0.0661075	3905.76	144.754	1.25734e-05	0	-198.323	-0.000649364	-0.0661075	
0.070058	101.007	0.000725858	2.83e+06	35.8467	0.070058	3906.87	153.418	1.5263e-05	0	-210.174	-0.000741121	-0.070058	
0.0740085	101.037	0.000820793	2.83e+06	37.8722	0.0740085	3907.98	162.085	1.83161e-05	0	-222.025	-0.000839109	-0.0740085	
0.0779589	101.066	0.000921575	2.83e+06	39.8981	0.0779589	3909.09	170.754	2.17558e-05	0	-233.877	-0.000943331	-0.0779589	
0.0819094	101.096	0.00102818	2.83e+06	41.9246	0.0819094	3910.2	179.425	2.56051e-05	0	-245.728	-0.00105379	-0.0819094	
0.0883804	101.144	0.00121533	2.83e+06	45.2451	0.0883804	3912	193.632	3.28555e-05	0	-265.141	-0.00124818	-0.0883804	
0.0948513	101.192	0.00141794	2.83e+06	48.5669	0.0948513	3913.8	207.844	4.13671e-05	0	-284.554	-0.00145931	-0.0948513	
0.101322	101.239	0.00163592	2.83e+06	51.89	0.101322	3915.59	222.061	5.12396e-05	0	-303.967	-0.00168716	-0.101322	
0.107793	101.287	0.00186916	2.83e+06	55.2144	0.107793	3917.37	236.283	6.2572e-05	0	-323.38	-0.00193173	-0.107793	
0.114264	101.334	0.00211757	2.83e+06	58.5402	0.114264	3919.15	250.511	7.54629e-05	0	-342.793	-0.00219303	-0.114264	
0.120735	101.381	0.00238105	2.83e+06	61.8673	0.120735	3920.92	264.743	9.001e-05	0	-362.206	-0.00247106	-0.120735	
0.138826	101.511	0.00319675	2.83e+06	71.1756	0.138826	3925.82	304.559	0.000140289	0	-416.479	-0.00333704	-0.138826	
0.156917	101.64	0.00412732	2.83e+06	80.494	0.156917	3930.66	344.414	0.000206368	0	-470.752	-0.00433369	-0.156917	
0.175008	101.767	0.00517065	2.83e+06	89.8223	0.175008	3935.44	384.307	0.000290304	0	-525.025	-0.00546096	-0.175008	
0.193099	101.893	0.00632469	2.83e+06	99.1603	0.193099	3940.17	424.238	0.00039412	0	-579.298	-0.00671881	-0.193099	
0.21119	102.018	0.00758742	2.83e+06	108.508	0.21119	3944.84	464.206	0.0005198	0	-633.571	-0.00810722	-0.21119	
0.229281	102.14	0.00895685	2.83e+06	117.865	0.229281	3949.46	504.21	0.000669292	0	-687.844	-0.00962614	-0.229281	
0.253018	102.299	0.0109122	2.83e+06	130.156	0.253018	3955.43	556.754	0.000904752	0	-759.054	-0.011817	-0.253018	
0.276755	102.456	0.0130436	2.83e+06	142.464	0.276755	3961.31	609.36	0.00118873	0	-830.264	-0.0142324	-0.276755	
0.300491	102.61	0.0153469	2.83e+06	154.787	0.300491	3967.1	662.026	0.00152534	0	-901.474	-0.0168722	-0.300491	
0.324228	102.762	0.0178178	2.83e+06	167.125	0.324228	3972.8	714.751	0.00191862	0	-972.684	-0.0197365	-0.324228	
0.347965	102.911	0.0204525	2.83e+06	179.478	0.347965	3978.42	767.535	0.00237251	0	-1043.89	-0.022825	-0.347965	
0.371701	103.058	0.0232469	2.83e+06	191.846	0.371701	3983.94	820.377	0.00289083	0	-1115.1	-0.0261377	-0.371701	
0.424654	103.379	0.0300372	2.83e+06	219.489	0.424654	3995.96	938.46	0.00429826	0	-1273.96	-0.0343355	-0.424654	
0.477606	103.688	0.0375629	2.83e+06	247.202	0.477606	4007.57	1056.82	0.00608489	0	-1432.82	-0.0436478	-0.477606	
0.530558	103.987	0.0457852	2.83001e+06	274.983	0.530558	4018.78	1175.43	0.00828863	0	-1591.67	-0.0540738	-0.530558	
0.58351	104.275	0.0546671	2.83001e+06	302.828	0.58351	4029.61	1294.3	0.0109454	0	-1750.53	-0.0656125	-0.58351	
0.636463	104.554	0.064174	2.83001e+06	330.735	0.636463	4040.07	1413.42	0.0140892	0	-1909.39	-0.0782631	-0.636463	
0.689415	104.824	0.0742726	2.83001e+06	358.703	0.689415	4050.18	1532.77	0.0177521	0	-2068.24	-0.0920247	-0.689415	
0.76019	105.17	0.08864	2.83001e+06	396.174	0.76019	4063.15	1692.65	0.0235115	0	-2280.57	-0.112151	-0.76019	
0.830965	105.5	0.103938	2.83001e+06	433.744	0.830965	4075.54	1852.91	0.0303211	0	-2492.89	-0.134259	-0.830965	
0.90174	105.816	0.120101	2.83001e+06	471.409	0.90174	4087.37	2013.55	0.0382443	0	-2705.22	-0.158346	-0.90174	
0.972515	106.117	0.137069	2.83002e+06	509.162	0.972515	4098.67	2174.53	0.0473404	0	-2917.54	-0.184409	-0.972515	
1.04329	106.405	0.154783	2.83002e+06	547.001	1.04329	4109.46	2335.86	0.057664	0	-3129.87	-0.212447	-1.04329	
1.11406	106.681	0.173191	2.83002e+06	584.921	1.11406	4119.77	2497.5	0.0692663	0	-3342.19	-0.242458	-1.11406	
1.20955	107.033	0.19904	2.83002e+06	636.204	1.20955	4132.95	2716.07	0.087029	0	-3628.66	-0.286069	-1.20955	
1.30504	107.364	0.22595	2.83003e+06	687.619	1.30504	4145.35	2935.16	0.107312	0	-3915.12	-0.333262	-1.30504	
1.40053	107.675	0.25382	2.83003e+06	739.158	1.40053	4157	3154.74	0.13021	0	-4201.58	-0.384031	-1.40053	
1.49601	107.968	0.282558	2.83003e+06	790.813	1.49601	4167.96	3374.79	0.155812	0	-4488.04	-0.438371	-1.49601	
1.5915	108.243	0.31208	2.83004e+06	842.577	1.5915	4178.27	3595.26	0.184197	0	-4774.5	-0.496277	-1.5915	
1.68699	108.502	0.342309	2.83004e+06	894.444	1.68699	4187.96	3816.15	0.215434	0	-5060.96	-0.557743	-1.68699	
1.81291	108.821	0.38314	2.83005e+06	962.99	1.81291	4199.87	4108.03	0.2611	0	-5438.74	-0.644239	-1.81291	
1.93884	109.114	0.424939	2.83005e+06	1031.69	1.93884	4210.86	4400.52	0.311969	0	-5816.52	-0.736907	-1.93884	
2.06476	109.386	0.46758	2.83006e+06	1100.53	2.06476	4221	4693.58	0.368156	0	-6194.29	-0.835736	-2.06476	
2.19069	109.636	0.510952	2.83006e+06	1169.5	2.19069	4230.36	4987.16	0.42976	0	-6572.07	-0.940712	-2.19069	
2.31662	109.867	0.554959	2.83007e+06	1238.59	2.31662	4239.01	5281.21	0.496866	0	-6949.85	-1.05183	-2.31662	
2.44254	110.081	0.599514	2.83007e+06	1307.8	2.44254	4246.98	5575.72	0.56955	0	-7327.62	-1.16906	-2.44254	
2.60871	110.338	0.65902	2.83008e+06	1399.27	2.60871	4256.59	5964.96	0.674105	0	-7826.13	-1.33313	-2.60871	
2.77488	110.569	0.719199	2.83009e+06	1490.9	2.77488	4265.25	6354.85	0.788606	0	-8324.64	-1.5078	-2.77488	
2.94105	110.778	0.779923	2.8301e+06	1582.68	2.94105	4273.05	6745.31	0.913153	0	-8823.15	-1.69308	-2.94105	
3.10722	110.967	0.841083	2.83011e+06	1674.59	3.10722	4280.09	7136.29	1.04783	0	-9321.66	-1.88891	-3.10722	
3.27339	111.137	0.90259	2.83012e+06	1766.61	3.27339	4286.45	7527.74	1.1927	0	-9820.17	-2.09529	-3.27339	
3.43956	111.291	0.964365	2.83012e+06	1858.74	3.43956	4292.2	7919.62	1.34781	0	-10318.7	-2.31217	-3.43956	
3.65261	111.467	1.04386	2.83014e+06	1977	3.65261	4298.78	8422.61	1.56173	0	-10957.8	-2.60558	-3.65261	
3.86566	111.623	1.12357	2.83015e+06	2095.4	3.86566	4304.59	8926.15	1.79261	0	-11597	-2.91618	-3.86566	
4.07871	111.761	1.20341	2.83016e+06	2213.91	4.07871	4309.73	9430.18	2.04049	0	-12236.1	-3.24389	-4.07871	
4.29175	111.883	1.2833	2.83017e+06	2332.54	4.29175	4314.3	9934.64	2.30538	0	-12875.3	-3.58868	-4.29175	
4.5048	111.993	1.36319	2.83018e+06	2451.26	4.5048	4318.39	10439.5	2.58729	0	-13514.4	-3.95048	-4.5048	
4.71785	112.091	1.44302	2.83019e+06	2570.07	4.71785	4322.05	10944.7	2.88622	0	-14153.5	-4.32924	-4.71785	
4.99586	112.206	1.54705	2.83021e+06	2725.22	4.99586	4326.32	11604.4	3.30186	0	-14987.6	-4.84891	-4.99586	
5.27387	112.307	1.65086	2.83022e+06	2880.48	5.27387	4330.11	12264.6	3.74639	0	-15821.6	-5.39725	-5.27387	
5.55188	112.399	1.75439	2.83024e+06	3035.85	5.55188	4333.53	12925.2	4.21975	0	-16655.6	-5.97413	-5.55188	
5.82989	112.483	1.8576	2.83025e+06	3191.32	5.82989	4336.66	13586.2	4.72184	0	-17489.7	-6.57944	-5.82989	
6.1079	112.562	1.96048	2.83026e+06	3346.87	6.1079	4339.6	14247.5	5.25258	0	-18323.7	-7.21305	-6.1079	
6.38591	112.637	2.06299	2.83028e+06	3502.5	6.38591	4342.39	14909.2	5.81187	0	-19157.7	-7.87485	-6.38591	
6.76417	112.736	2.20186	2.8303e+06	3714.39	6.76417	4346.07	15810	6.61851	0	-20292.5	-8.82036	-6.76417	
7.14244	112.834	2.34	2.83031e+06	3926.41	7.14244	4349.7	16711.3	7.47754	0	-21427.3	-9.81754	-7.14244	
7.5207	112.934	2.4774	2.83033e+06	4138.59	7.5207	4353.4	17613.3	8.38868	0	-22562.1	-10.8661	-7.5207	
7.89896	113.037	2.61404	2.83035e+06	4350.91	7.89896	4357.24	18515.9	9.35166	0	-23696.9	-11.9657	-7.89896	
8.27723	113.146	2.74993	2.83036e+06	4563.38	8.27723	4361.28	19419	10.3662	0	-24831.7	-13.1161	-8.27723	
8.65549	113.262	2.88506	2.83038e+06	4776.02	8.65549	4365.59	20322.9	11.432	0	-25966.5	-14.317	-8.65549	
9.2188	113.451	3.08487	2.83039e+06	5093.01	9.2188	4372.59	21670.2	13.1135	0	-27656.4	-16.1984	-9.2188	
9.78211	113.662	3.283	2.83041e+06	5410.43	9.78211	4380.4	23019.3	14.9071	0	-29346.3	-18.1901	-9.78211	
10.3454	113.897	3.47946	2.83042e+06	5728.33	10.3454	4389.13	24370.3	16.8119	0	-31036.3	-20.2913	-10.3454	
10.9087	114.159	3.67424	2.83043e+06	6046.77	10.9087	4398.85	25723.5	18.8268	0	-32726.2	-22.5011	-10.9087	
11.472	114.45	3.86738	2.83043e+06	6365.8	11.472	4409.64	27079.2	20.951	0	-34416.1	-24.8184	-11.472	
12.0353	114.772	4.05887	2.83043e+06	6685.5	12.0353	4421.56	28437.5	23.1836	0	-36106	-27.2424	-12.0353	
12.8455	115.29	4.33144	2.83042e+06	7146.58	12.8455	4440.77	30396.3	26.5826	0	-38536.6	-30.9141	-12.8455	
13.6557	115.878	4.60069	2.8304e+06	7609.35	13.6557	4462.54	32362	30.2012	0	-40967.1	-34.8018	-13.6557	
14.4659	116.537	4.86665	2.83037e+06	8074.03	14.4659	4486.98	34335.6	34.0365	0	-43397.6	-38.9031	-14.4659	
15.2761	117.271	5.12936	2.83033e+06	8540.84	15.2761	4514.16	36317.8	38.086	0	-45828.2	-43.2153	-15.2761	
16.0862	118.082	5.38887	2.83026e+06	9009.98	16.0862	4544.18	38309.6	42.347	0	-48258.7	-47.7359	-16.0862	
16.8964	118.972	5.64522	2.83019e+06	9481.67	16.8964	4577.08	40311.8	46.817	0	-50689.2	-52.4622	-16.8964	
18.1608	120.522	6.03905	2.83003e+06	10223.5	18.1608	4634.36	43460	54.2048	0	-54482.5	-60.2438	-18.1608	
19.4253	122.272	6.42541	2.82983e+06	10972.9	19.4253	4699	46639.6	62.0858	0	-58275.8	-68.5112	-19.4253	
20.6897	124.228	6.80444	2.82958e+06	11730.8	20.6897	4771.16	49854.3	70.4506	0	-62069.1	-77.2551	-20.6897	
21.9541	126.394	7.17628	2.82927e+06	12498	21.9541	4850.95	53107.7	79.2902	0	-65862.4	-86.4665	-21.9541	
23.2186	128.772	7.54107	2.8289e+06	13275.4	23.2186	4938.44	56403.3	88.5954	0	-69655.7	-96.1365	-23.2186	
24.483	131.366	7.89893	2.82846e+06	14063.7	24.483	5033.7	59744.5	98.3575	0	-73448.9	-106.256	-24.483	
26.2381	135.327	8.38443	2.82775e+06	15177.7	26.2381	5178.88	64464.5	112.649	0	-78714.2	-121.033	-26.2381	
27.9931	139.71	8.85719	2.82688e+06	16316.6	27.9931	5339.13	69287.8	127.781	0	-83979.4	-136.638	-27.9931	
29.7482	144.519	9.31754	2.82587e+06	17482.7	29.7482	5514.41	74222.9	143.732	0	-89244.7	-153.049	-29.7482	
31.5033	149.752	9.76581	2.82469e+06	18678.4	31.5033	5704.59	79277.6	160.48	0	-94509.9	-170.246	-31.5033	
33.2584	155.409	10.2023	2.82333e+06	19906	33.2584	5909.45	84459.2	178.004	0	-99775.2	-188.207	-33.2584	
35.0135	161.486	10.6274	2.8218e+06	21168.2	35.0135	6128.67	89774.1	196.285	0	-105040	-206.912	-35.0135	
37.1316	169.366	11.1255	2.81968e+06	22741.7	37.1316	6411.73	96374.3	219.325	0	-111395	-230.45	-37.1316	
39.2496	177.826	11.6079	2.81728e+06	24375.6	39.2496	6714.1	103186	243.403	0	-117749	-255.011	-39.2496	
41.3677	186.841	12.0751	2.81458e+06	26076.8	41.3677	7034.5	110217	268.487	0	-124103	-280.562	-41.3677	
43.4858	196.376	12.5275	2.81155e+06	27852.7	43.4858	7371.43	117472	294.545	0	-130457	-307.072	-43.4858	
45.6038	206.389	12.9656	2.8082e+06	29712	45.6038	7723.1	124954	321.545	0	-136811	-334.511	-45.6038	
47.3594	215.016	13.3183	2.80517e+06	31323.3	47.3594	8024.36	131329	344.618	0	-142078	-357.936	-47.3594	
49.1149	223.909	13.6616	2.80191e+06	33004.5	49.1149	8333.23	137862	368.301	0	-147345	-381.962	-49.1149	
50.3757	230.443	13.9027	2.79942e+06	34258.6	50.3757	8559.08	142650	385.678	0	-151127	-399.581	-50.3757	
51.6365	237.088	14.1392	2.7968e+06	35554.4	51.6365	8787.81	147520	403.357	0	-154910	-417.496	-51.6365	
52.8974	243.832	14.3712	2.79405e+06	36894.2	52.8974	9019.01	152468	421.33	0	-158692	-435.702	-52.8974	
54.1582	250.664	14.5988	2.79118e+06	38280.5	54.1582	9252.27	157496	439.594	0	-162475	-454.193	-54.1582	
54.4016	251.993	14.6422	2.79061e+06	38553.7	54.4016	9297.5	158476	443.152	0	-163205	-457.794	-54.4016	
54.4458	252.235	14.6501	2.79051e+06	38603.5	54.4458	9305.73	158654	443.801	0	-163338	-458.451	-54.4458	
54.4901	252.477	14.658	2.79041e+06	38653.5	54.4901	9313.97	158833	444.449	0	-163470	-459.107	-54.4901	
54.5344	252.719	14.6658	2.7903e+06	38703.5	54.5344	9322.21	159011	445.098	0	-163603	-459.764	-54.5344	
54.6229	253.203	14.6816	2.79009e+06	38803.7	54.6229	9338.69	159369	446.398	0	-163869	-461.079	-54.6229	
54.7115	253.688	14.6973	2.78988e+06	38904.1	54.7115	9355.18	159727	447.698	0	-164134	-462.396	-54.7115	
54.8	254.173	14.713	2.78967e+06	39004.8	54.8	9371.68	160085	449	0	-164400	-463.713	-54.8	
55.2524	256.659	14.7928	2.78859e+06	39523.1	55.2524	9456.1	161923	455.675	0	-165757	-470.468	-55.2524	
55.7049	259.153	14.8721	2.78748e+06	40047.9	55.7049	9540.7	163770	462.386	0	-167115	-477.258	-55.7049	
56.1573	261.656	14.9509	2.78637e+06	40579.4	56.1573	9625.47	165627	469.132	0	-168472	-484.083	-56.1573	
56.6097	264.168	15.0291	2.78523e+06	41117.6	56.6097	9710.4	167494	475.914	0	-169829	-490.943	-56.6097	
57.5398	269.357	15.1882	2.78284e+06	42245.7	57.5398	9885.44	171363	489.967	0	-172620	-505.155	-57.5398	
58.47	274.577	15.3451	2.78039e+06	43403.5	58.47	10061	175273	504.167	0	-175410	-519.512	-58.47	
59.4001	279.827	15.4998	2.77786e+06	44591.8	59.4001	10237	179223	518.512	0	-178200	-534.012	-59.4001	
60.3302	285.104	15.6523	2.77525e+06	45811.4	60.3302	10413.3	183213	533	0	-180991	-548.652	-60.3302	
61.7082	292.97	15.8744	2.77127e+06	47677	61.7082	10675	189197	554.723	0	-185125	-570.597	-61.7082	
63.0862	300.889	16.0919	2.76713e+06	49614.7	63.0862	10937.3	195265	576.748	0	-189259	-592.84	-63.0862	
64.4642	308.86	16.3049	2.76283e+06	51626.2	64.4642	11200	201417	599.07	0	-193393	-615.374	-64.4642	
65.8422	316.882	16.5135	2.75837e+06	53712.9	65.8422	11463.2	207651	621.682	0	-197527	-638.195	-65.8422	
67.2202	324.958	16.7177	2.75376e+06	55876.1	67.2202	11726.8	213965	644.579	0	-201661	-661.296	-67.2202	
68.9076	334.922	16.9622	2.74789e+06	58630.2	68.9076	12050.3	221803	672.996	0	-206723	-689.958	-68.9076	
70.5951	344.977	17.2004	2.74179e+06	61501.2	70.5951	12374.8	229757	701.82	0	-211785	-719.02	-70.5951	
72.2825	355.131	17.4326	2.73547e+06	64489.3	72.2825	12700.5	237824	731.041	0	-216847	-748.473	-72.2825	
73.9699	365.395	17.659	2.72891e+06	67594.4	73.9699	13027.7	246002	760.649	0	-221910	-778.308	-73.9699	
75.3418	373.829	17.8388	2.72341e+06	70204.4	75.3418	13295.2	252731	784.998	0	-226025	-802.837	-75.3418	
76.435	380.613	17.9794	2.71892e+06	72338.8	76.435	13509.3	258144	804.577	0	-229305	-822.556	-76.435	
77.5282	387.455	18.1178	2.71434e+06	74521	77.5282	13724.4	263602	824.308	0	-232584	-842.425	-77.5282	
77.7294	388.721	18.143	2.71348e+06	74927.7	77.7294	13764.1	264611	827.955	0	-233188	-846.098	-77.7294	
77.9305	389.989	18.1681	2.71263e+06	75336.1	77.9305	13803.8	265622	831.608	0	-233792	-849.776	-77.9305	
78.1317	391.26	18.1932	2.71177e+06	75746.1	78.1317	13843.6	266634	835.266	0	-234395	-853.459	-78.1317	
78.3329	392.532	18.2181	2.71091e+06	76157.7	78.3329	13883.4	267647	838.929	0	-234999	-857.147	-78.3329	
78.7353	395.084	18.2679	2.70917e+06	76985.6	78.7353	13963.2	269679	846.269	0	-236206	-864.537	-78.7353	
79.1377	397.645	18.3173	2.70742e+06	77819.8	79.1377	14043.1	271717	853.63	0	-237413	-871.947	-79.1377	
79.5401	400.215	18.3664	2.70566e+06	78660.3	79.5401	14123.2	273760	861.011	0	-238620	-879.377	-79.5401	
79.9425	402.795	18.4153	2.70389e+06	79507.1	79.9425	14203.4	275810	868.411	0	-239827	-886.826	-79.9425	
81.3116	411.646	18.5792	2.69777e+06	82434.5	81.3116	14477.9	282826	893.736	0	-243935	-912.315	-81.3116	
82.6807	420.617	18.7397	2.69151e+06	85432.3	82.6807	14754.6	289910	919.283	0	-248042	-938.022	-82.6807	
84.0498	429.715	18.897	2.68511e+06	88499	84.0498	15033.8	297059	945.047	0	-252149	-963.944	-84.0498	
85.4189	438.947	19.051	2.67858e+06	91632.6	85.4189	15315.6	304274	971.025	0	-256257	-990.076	-85.4189	
86.788	448.321	19.2019	2.67192e+06	94831.2	86.788	15600.2	311554	997.212	0	-260364	-1016.41	-86.788	
88.8789	462.925	19.4264	2.66149e+06	99837.4	88.8789	16040.4	322796	1037.6	0	-266637	-1057.02	-88.8789	
90.9698	477.898	19.6439	2.65076e+06	104983	90.9698	16488	334187	1078.45	0	-272909	-1098.09	-90.9698	
93.0608	493.259	19.8545	2.63975e+06	110260	93.0608	16943.1	345723	1119.74	0	-279182	-1139.59	-93.0608	
95.1517	509.024	20.0587	2.62846e+06	115661	95.1517	17406.1	357403	1161.47	0	-285455	-1181.53	-95.1517	
97.2426	525.208	20.2564	2.61691e+06	121178	97.2426	17877.1	369227	1203.62	0	-291728	-1223.87	-97.2426	
99.9255	546.6	20.5011	2.60171e+06	128412	99.9255	18493	384603	1258.29	0	-299776	-1278.8	-99.9255	
102.608	568.701	20.7361	2.58611e+06	135806	102.608	19121.6	400207	1313.61	0	-307825	-1334.35	-102.608	
105.291	591.503	20.9617	2.57013e+06	143343	105.291	19762.1	416036	1369.55	0	-315874	-1390.51	-105.291	
107.974	614.985	21.1784	2.55379e+06	151007	107.974	20413.2	432083	1426.08	0	-323922	-1447.26	-107.974	
110.657	639.105	21.3864	2.53712e+06	158784	110.657	21073.2	448346	1483.18	0	-331971	-1504.57	-110.657	
113.34	663.808	21.5861	2.52013e+06	166660	113.34	21740.2	464817	1540.83	0	-340020	-1562.41	-113.34	
116.023	689.02	21.7778	2.50284e+06	174623	116.023	22411.7	481491	1599	0	-348068	-1620.78	-116.023	
118.706	714.652	21.962	2.48528e+06	182661	118.706	23085.1	498363	1657.67	0	-356117	-1679.64	-118.706	
121.388	740.599	22.1387	2.46747e+06	190764	121.388	23757.4	515424	1716.83	0	-364165	-1738.97	-121.388	
123.747	763.574	22.2883	2.45162e+06	197933	123.747	24344.9	530571	1769.22	0	-371240	-1791.51	-123.747	
124.14	767.418	22.3128	2.44895e+06	199134	124.14	24442.5	533113	1778	0	-372421	-1800.31	-124.14	
124.534	771.264	22.3371	2.44628e+06	200335	124.534	24540	535659	1786.79	0	-373602	-1809.12	-124.534	
124.928	775.11	22.3612	2.44361e+06	201538	124.928	24637.2	538208	1795.59	0	-374783	-1817.95	-124.928	
125.321	778.957	22.3853	2.44093e+06	202742	125.321	24734.3	540762	1804.39	0	-375964	-1826.78	-125.321	
125.715	782.805	22.4091	2.43825e+06	203947	125.715	24831.2	543319	1813.21	0	-377145	-1835.62	-125.715	
126.502	790.498	22.4565	2.43288e+06	206359	126.502	25024.4	548443	1830.87	0	-379507	-1853.33	-126.502	
127.29	798.185	22.5032	2.42748e+06	208775	127.29	25216.6	553583	1848.57	0	-381869	-1871.08	-127.29	
128.077	805.864	22.5494	2.42207e+06	211194	128.077	25407.9	558736	1866.31	0	-384231	-1888.86	-128.077	
128.865	813.531	22.5951	2.41665e+06	213617	128.865	25598	563904	1884.08	0	-386594	-1906.68	-128.865	
130.631	830.665	22.6956	2.40442e+06	219064	130.631	26020.3	575548	1924.09	0	-391893	-1946.78	-130.631	
132.398	847.673	22.7934	2.39211e+06	224525	132.398	26435.7	587258	1964.27	0	-397193	-1987.06	-132.398	
134.164	864.509	22.8887	2.37974e+06	230000	134.164	26843.4	599034	2004.62	0	-402492	-2027.51	-134.164	
135.931	881.127	22.9814	2.3673e+06	235486	135.931	27242.3	610871	2045.13	0	-407792	-2068.11	-135.931	
138.124	901.386	23.0931	2.35177e+06	242312	138.124	27724	625649	2095.66	0	-414372	-2118.75	-138.124	
140.317	921.148	23.2012	2.33616e+06	249153	140.317	28189.1	640514	2146.43	0	-420951	-2169.63	-140.317	
142.51	940.324	23.3058	2.32048e+06	256006	142.51	28635.9	655460	2197.43	0	-427531	-2220.73	-142.51	
144.704	958.826	23.4069	2.30472e+06	262870	144.704	29063	670483	2248.65	0	-434111	-2272.06	-144.704	
146.897	976.566	23.5047	2.28891e+06	269744	146.897	29468.7	685577	2300.1	0	-440690	-2323.6	-146.897	
149.622	997.425	23.6219	2.26919e+06	278297	149.622	29941.2	704425	2364.32	0	-448866	-2387.94	-149.622	
152.347	1016.83	23.7342	2.24941e+06	286862	152.347	30376.2	723365	2428.85	0	-457042	-2452.58	-152.347	
155.073	1034.63	23.8421	2.22957e+06	295436	155.073	30771.7	742389	2493.67	0	-465218	-2517.52	-155.073	
157.798	1050.7	23.9455	2.2097e+06	304017	157.798	31125.9	761487	2558.79	0	-473393	-2582.74	-157.798	
160.523	1064.93	24.0448	2.1898e+06	312606	160.523	31437	780650	2624.19	0	-481569	-2648.23	-160.523	
163.248	1077.21	24.1401	2.16988e+06	321199	163.248	31704	799868	2689.84	0	-489745	-2713.98	-163.248	
165.973	1087.48	24.2315	2.14997e+06	329797	165.973	31925.8	819132	2755.76	0	-497920	-2779.99	-165.973	
168.699	1095.66	24.3192	2.13005e+06	338399	168.699	32101.8	838434	2821.91	0	-506096	-2846.23	-168.699	
172.195	1103.05	24.4266	2.10454e+06	349436	172.195	32260.1	863233	2907.12	0	-516584	-2931.54	-172.195	
175.69	1106.91	24.5284	2.07907e+06	360475	175.69	32342.8	888061	2992.69	0	-527071	-3017.22	-175.69	
179.186	1107.28	24.6249	2.05367e+06	371516	179.186	32350.8	912900	3078.6	0	-537558	-3103.23	-179.186	
179.742	1107.02	24.6398	2.04964e+06	373271	179.742	32345.3	916850	3092.3	0	-539226	-3116.94	-179.742	
180.298	1106.68	24.6546	2.04561e+06	375027	180.298	32338	920799	3106	0	-540894	-3130.65	-180.298	
180.854	1106.25	24.6692	2.04158e+06	376783	180.854	32328.8	924748	3119.71	0	-542561	-3144.38	-180.854	
181.41	1105.73	24.6837	2.03756e+06	378538	181.41	32317.9	928697	3133.43	0	-544229	-3158.11	-181.41	
181.966	1105.13	24.6981	2.03353e+06	380294	181.966	32305.1	932646	3147.15	0	-545897	-3171.85	-181.966	
183.077	1103.69	24.7266	2.0255e+06	383805	183.077	32274.1	940541	3174.63	0	-549232	-3199.35	-183.077	
184.189	1101.91	24.7545	2.01747e+06	387316	184.189	32236.1	948433	3202.13	0	-552568	-3226.89	-184.189	
185.301	1099.8	24.782	2.00945e+06	390826	185.301	32191.1	956323	3229.67	0	-555903	-3254.45	-185.301	
186.413	1097.38	24.809	2.00144e+06	394336	186.413	32139.3	964209	3257.24	0	-559239	-3282.05	-186.413	
188.513	1091.97	24.8589	1.98636e+06	400965	188.513	32023	979091	3309.39	0	-565539	-3334.25	-188.513	
190.613	1085.48	24.9071	1.97131e+06	407592	190.613	31883.5	993955	3361.64	0	-571838	-3386.55	-190.613	
192.713	1077.99	24.9539	1.95631e+06	414217	192.713	31721.7	1.0088e+06	3414	0	-578138	-3438.95	-192.713	
194.813	1069.55	24.9992	1.94136e+06	420840	194.813	31538.6	1.02361e+06	3466.45	0	-584438	-3491.45	-194.813	
196.913	1060.22	25.043	1.92647e+06	427460	196.913	31335.3	1.0384e+06	3518.99	0	-590738	-3544.03	-196.913	
199.421	1047.99	25.0936	1.90874e+06	435364	199.421	31067.6	1.05603e+06	3581.88	0	-598264	-3606.97	-199.421	
201.93	1034.7	25.1424	1.8911e+06	443263	201.93	30774.7	1.0736e+06	3644.89	0	-605789	-3670.03	-201.93	
204.438	1020.47	25.1893	1.87355e+06	451156	204.438	30458.8	1.09112e+06	3708.02	0	-613315	-3733.21	-204.438	
206.947	1005.41	25.2344	1.85608e+06	459042	206.947	30122.2	1.10858e+06	3771.26	0	-620841	-3796.5	-206.947	
209.455	989.637	25.2779	1.8387e+06	466920	209.455	29767	1.12597e+06	3834.62	0	-628366	-3859.9	-209.455	
212.387	970.474	25.3266	1.81852e+06	476115	212.387	29331.5	1.14621e+06	3908.78	0	-637160	-3934.11	-212.387	
215.318	950.692	25.3733	1.79847e+06	485297	215.318	28877.5	1.16634e+06	3983.09	0	-645953	-4008.46	-215.318	
218.249	930.466	25.4179	1.77856e+06	494464	218.249	28408.6	1.18637e+06	4057.53	0	-654747	-4082.95	-218.249	
221.18	909.963	25.4605	1.75879e+06	503614	221.18	27928.4	1.20629e+06	4132.1	0	-663540	-4157.56	-221.18	
224.111	889.338	25.5013	1.73916e+06	512745	224.111	27440.1	1.22609e+06	4206.79	0	-672334	-4232.29	-224.111	
227.577	864.988	25.5473	1.71614e+06	523513	227.577	26857	1.24934e+06	4295.24	0	-682730	-4320.78	-227.577	
231.042	840.871	25.5909	1.69334e+06	534247	231.042	26272.1	1.27241e+06	4383.84	0	-693125	-4409.43	-231.042	
234.507	817.163	25.6323	1.67075e+06	544943	234.507	25690	1.29531e+06	4472.59	0	-703521	-4498.22	-234.507	
237.972	794.01	25.6716	1.64838e+06	555598	237.972	25114.5	1.31802e+06	4561.48	0	-713917	-4587.15	-237.972	
241.438	771.53	25.7088	1.62624e+06	566206	241.438	24548.9	1.34054e+06	4650.51	0	-724313	-4676.21	-241.438	
242.131	767.124	25.716	1.62183e+06	568321	242.131	24437.2	1.34502e+06	4668.33	0	-726392	-4694.04	-242.131	
242.824	762.748	25.7232	1.61744e+06	570435	242.824	24326.1	1.34949e+06	4686.15	0	-728471	-4711.87	-242.824	
243.517	758.404	25.7303	1.61306e+06	572546	243.517	24215.5	1.35396e+06	4703.98	0	-730550	-4729.71	-243.517	
244.21	754.092	25.7373	1.60868e+06	574655	244.21	24105.5	1.35842e+06	4721.82	0	-732629	-4747.55	-244.21	
244.903	749.813	25.7442	1.60432e+06	576762	244.903	23996.1	1.36287e+06	4739.66	0	-734709	-4765.4	-244.903	
246.289	741.355	25.7578	1.59561e+06	580970	246.289	23779	1.37175e+06	4775.35	0	-738867	-4801.11	-246.289	
247.675	733.033	25.7712	1.58695e+06	585167	247.675	23564.5	1.3806e+06	4811.06	0	-743025	-4836.83	-247.675	
249.061	724.848	25.7842	1.57832e+06	589356	249.061	23352.6	1.38942e+06	4846.79	0	-747184	-4872.58	-249.061	
250.447	716.803	25.797	1.56972e+06	593534	250.447	23143.4	1.39821e+06	4882.54	0	-751342	-4908.34	-250.447	
252.772	703.628	25.8179	1.5554e+06	600519	252.772	22798.8	1.41289e+06	4942.54	0	-758317	-4968.36	-252.772	
255.097	690.853	25.838	1.54118e+06	607474	255.097	22462.3	1.42748e+06	5002.59	0	-765291	-5028.43	-255.097	
257.422	678.48	25.8575	1.52706e+06	614396	257.422	22134.2	1.44198e+06	5062.68	0	-772266	-5088.54	-257.422	
259.747	666.505	25.8763	1.51306e+06	621286	259.747	21814.6	1.4564e+06	5122.82	0	-779241	-5148.7	-259.747	
262.072	654.924	25.8944	1.49916e+06	628141	262.072	21503.5	1.47074e+06	5183	0	-786215	-5208.89	-262.072	
265.021	640.791	25.9165	1.48169e+06	636783	265.021	21121.1	1.48882e+06	5259.39	0	-795062	-5285.31	-265.021	
267.97	627.262	25.9376	1.46439e+06	645365	267.97	20752.3	1.50676e+06	5335.85	0	-803909	-5361.79	-267.97	
270.289	617.035	25.9536	1.45092e+06	652068	270.289	20471.6	1.52078e+06	5396.02	0	-810866	-5421.97	-270.289	
272.607	607.157	25.969	1.43755e+06	658732	272.607	20199	1.53472e+06	5456.22	0	-817822	-5482.19	-272.607	
274.405	599.733	25.9806	1.42727e+06	663868	274.405	19993.2	1.54547e+06	5502.91	0	-823215	-5528.89	-274.405	
276.202	592.507	25.9918	1.41705e+06	668979	276.202	19792	1.55618e+06	5549.62	0	-828607	-5575.61	-276.202	
278	585.473	26.0028	1.4069e+06	674063	278	19595.4	1.56684e+06	5596.35	0	-834000	-5622.35	-278	
279.797	578.623	26.0135	1.39682e+06	679121	279.797	19403.2	1.57746e+06	5643.1	0	-839392	-5669.11	-279.797	
281.595	571.953	26.0239	1.3868e+06	684152	281.595	19215.4	1.58803e+06	5689.87	0	-844785	-5715.89	-281.595	
283.392	565.46	26.034	1.37685e+06	689155	283.392	19031.8	1.59856e+06	5736.65	0	-850177	-5762.69	-283.392	
283.752	564.181	26.036	1.37486e+06	690153	283.752	18995.6	1.60067e+06	5746.01	0	-851256	-5772.05	-283.752	
283.816	563.952	26.0363	1.37451e+06	690331	283.816	18989.1	1.60104e+06	5747.69	0	-851449	-5773.73	-283.816	
283.881	563.724	26.0367	1.37415e+06	690510	283.881	18982.6	1.60142e+06	5749.37	0	-851642	-5775.4	-283.881	
283.945	563.496	26.037	1.3738e+06	690689	283.945	18976.2	1.60179e+06	5751.04	0	-851836	-5777.08	-283.945	
284.074	563.041	26.0377	1.37309e+06	691045	284.074	18963.3	1.60255e+06	5754.4	0	-852222	-5780.44	-284.074	
284.203	562.586	26.0384	1.37238e+06	691402	284.203	18950.4	1.6033e+06	5757.75	0	-852609	-5783.79	-284.203	
284.332	562.132	26.0391	1.37167e+06	691759	284.332	18937.5	1.60405e+06	5761.11	0	-852995	-5787.15	-284.332	
285.337	558.622	26.0446	1.36616e+06	694536	285.337	18837.8	1.60991e+06	5787.29	0	-856011	-5813.33	-285.337	
286.342	555.163	26.05	1.36066e+06	697305	286.342	18739.4	1.61575e+06	5813.47	0	-859026	-5839.52	-286.342	
287.347	551.754	26.0553	1.35519e+06	700065	287.347	18642.2	1.62158e+06	5839.65	0	-862042	-5865.71	-287.347	
288.836	546.794	26.0629	1.34712e+06	704136	288.836	18500.4	1.63019e+06	5878.45	0	-866508	-5904.51	-288.836	
290.325	541.938	26.0705	1.3391e+06	708186	290.325	18361.3	1.63878e+06	5917.25	0	-870974	-5943.32	-290.325	
291.813	537.184	26.0778	1.33112e+06	712217	291.813	18224.6	1.64733e+06	5956.07	0	-875440	-5982.15	-291.813	
293.302	532.527	26.085	1.32319e+06	716227	293.302	18090.5	1.65586e+06	5994.89	0	-879906	-6020.98	-293.302	
295.292	526.451	26.0944	1.31266e+06	721556	295.292	17914.9	1.66721e+06	6046.81	0	-885875	-6072.91	-295.292	
297.282	520.538	26.1034	1.30221e+06	726847	297.282	17743.4	1.67852e+06	6098.75	0	-891845	-6124.85	-297.282	
299.272	514.782	26.1122	1.29184e+06	732101	299.272	17575.9	1.68977e+06	6150.7	0	-897815	-6176.81	-299.272	
301.262	509.178	26.1208	1.28155e+06	737317	301.262	17412.3	1.70098e+06	6202.67	0	-903785	-6228.79	-301.262	
304.106	501.418	26.1326	1.26699e+06	744707	304.106	17185	1.71692e+06	6276.97	0	-912317	-6303.1	-304.106	
306.95	493.938	26.1438	1.25259e+06	752018	306.95	16964.8	1.73277e+06	6351.31	0	-920849	-6377.45	-306.95	
309.794	486.723	26.1546	1.23836e+06	759249	309.794	16751.6	1.74852e+06	6425.68	0	-929381	-6451.83	-309.794	
312.637	479.757	26.165	1.22429e+06	766401	312.637	16544.9	1.76418e+06	6500.08	0	-937912	-6526.24	-312.637	
316.615	470.406	26.1787	1.20489e+06	776271	316.615	16266.1	1.78594e+06	6604.19	0	-949846	-6630.37	-316.615	
320.593	461.481	26.1917	1.1858e+06	785983	320.593	15998.7	1.80752e+06	6708.35	0	-961780	-6734.54	-320.593	
323.741	454.701	26.2014	1.17092e+06	793557	323.741	15794.5	1.82449e+06	6790.82	0	-971224	-6817.02	-323.741	
324.198	453.737	26.2028	1.16878e+06	794647	324.198	15765.5	1.82694e+06	6802.78	0	-972594	-6828.98	-324.198	
324.654	452.779	26.2041	1.16664e+06	795735	324.654	15736.5	1.82939e+06	6814.74	0	-973963	-6840.94	-324.654	
325.111	451.825	26.2055	1.16451e+06	796820	325.111	15707.7	1.83183e+06	6826.7	0	-975332	-6852.9	-325.111	
325.567	450.876	26.2068	1.16238e+06	797904	325.567	15679	1.83428e+06	6838.66	0	-976701	-6864.87	-325.567	
326.48	448.992	26.2095	1.15813e+06	800065	326.48	15622	1.83916e+06	6862.58	0	-979440	-6888.79	-326.48	
327.393	447.126	26.2121	1.1539e+06	802218	327.393	15565.5	1.84403e+06	6886.51	0	-982179	-6912.72	-327.393	
328.306	445.279	26.2147	1.14969e+06	804362	328.306	15509.6	1.8489e+06	6910.44	0	-984917	-6936.65	-328.306	
329.219	443.45	26.2172	1.14549e+06	806499	329.219	15454	1.85376e+06	6934.37	0	-987656	-6960.59	-329.219	
332.449	437.116	26.2259	1.13077e+06	813992	332.449	15261.4	1.87088e+06	7019.08	0	-997347	-7045.3	-332.449	
335.679	430.991	26.2342	1.11624e+06	821381	335.679	15074.4	1.8879e+06	7103.81	0	-1.00704e+06	-7130.05	-335.679	
338.91	425.062	26.2422	1.10192e+06	828667	338.91	14892.7	1.90482e+06	7188.57	0	-1.01673e+06	-7214.82	-338.91	
342.14	419.318	26.2497	1.08779e+06	835850	342.14	14716.1	1.92164e+06	7273.36	0	-1.02642e+06	-7299.61	-342.14	
347.047	410.924	26.2605	1.0667e+06	846565	347.047	14457.1	1.94699e+06	7402.19	0	-1.04114e+06	-7428.45	-347.047	
351.954	402.901	26.2705	1.04606e+06	857047	351.954	14208.2	1.97213e+06	7531.07	0	-1.05586e+06	-7557.34	-351.954	
355.872	396.74	26.2779	1.02989e+06	865253	355.872	14016.3	1.99205e+06	7634.02	0	-1.06762e+06	-7660.3	-355.872	
359.791	390.784	26.285	1.01399e+06	873314	359.791	13830.1	2.01184e+06	7737.01	0	-1.07937e+06	-7763.3	-359.791	
363.71	385.018	26.2916	998361	881232	363.71	13649.3	2.03149e+06	7840.03	0	-1.09113e+06	-7866.32	-363.71	
367.628	379.433	26.2979	983001	889009	367.628	13473.5	2.05101e+06	7943.06	0	-1.10288e+06	-7969.36	-367.628	
371.547	374.018	26.3037	967905	896647	371.547	13302.5	2.0704e+06	8046.13	0	-1.11464e+06	-8072.43	-371.547	
375.466	368.763	26.3093	953068	904148	375.466	13136.1	2.08966e+06	8149.21	0	-1.1264e+06	-8175.52	-375.466	
379.384	363.658	26.3145	938486	911515	379.384	12973.9	2.1088e+06	8252.32	0	-1.13815e+06	-8278.63	-379.384	
383.303	358.698	26.3194	924155	918750	383.303	12815.8	2.12782e+06	8355.45	0	-1.14991e+06	-8381.77	-383.303	
387.221	353.872	26.3241	910073	925855	387.221	12661.6	2.14671e+06	8458.59	0	-1.16166e+06	-8484.91	-387.221	
391.14	349.174	26.3285	896233	932834	391.14	12511.1	2.16548e+06	8561.75	0	-1.17342e+06	-8588.08	-391.14	
395.059	344.599	26.3326	882634	939688	395.059	12364	2.18413e+06	8664.93	0	-1.18518e+06	-8691.27	-395.059	
395.631	343.941	26.3332	880667	940679	395.631	12342.8	2.18685e+06	8680.01	0	-1.18689e+06	-8706.34	-395.631	
395.746	343.81	26.3333	880274	940877	395.746	12338.6	2.18739e+06	8683.02	0	-1.18724e+06	-8709.36	-395.746	
395.86	343.679	26.3334	879881	941075	395.86	12334.4	2.18793e+06	8686.04	0	-1.18758e+06	-8712.37	-395.86	
395.975	343.547	26.3335	879489	941273	395.975	12330.1	2.18848e+06	8689.05	0	-1.18792e+06	-8715.39	-395.975	
396.204	343.285	26.3337	878705	941668	396.204	12321.7	2.18956e+06	8695.09	0	-1.18861e+06	-8721.42	-396.204	
396.433	343.023	26.334	877921	942063	396.433	12313.3	2.19065e+06	8701.12	0	-1.1893e+06	-8727.45	-396.433	
396.662	342.762	26.3342	877139	942457	396.662	12304.8	2.19173e+06	8707.15	0	-1.18999e+06	-8733.48	-396.662	
398.459	340.724	26.336	871025	945537	398.459	12239.2	2.20022e+06	8754.47	0	-1.19538e+06	-8780.81	-398.459	
400.256	338.71	26.3377	864960	948591	400.256	12174.1	2.20869e+06	8801.8	0	-1.20077e+06	-8828.14	-400.256	
402.053	336.719	26.3394	858944	951621	402.053	12109.8	2.21713e+06	8849.13	0	-1.20616e+06	-8875.47	-402.053	
404.981	333.522	26.342	849243	956506	404.981	12006.3	2.23084e+06	8926.26	0	-1.21494e+06	-8952.61	-404.981	
407.91	330.383	26.3445	839668	961327	407.91	11904.5	2.24449e+06	9003.41	0	-1.22373e+06	-9029.75	-407.91	
410.838	327.299	26.3469	830218	966084	410.838	11804.3	2.25807e+06	9080.56	0	-1.23251e+06	-9106.91	-410.838	
413.766	324.269	26.3492	820891	970779	413.766	11705.7	2.27159e+06	9157.72	0	-1.2413e+06	-9184.07	-413.766	
417.437	320.545	26.352	809372	976579	417.437	11584.3	2.28844e+06	9254.43	0	-1.25231e+06	-9280.79	-417.437	
421.107	316.9	26.3546	798041	982284	421.107	11465.1	2.3052e+06	9351.16	0	-1.26332e+06	-9377.51	-421.107	
424.777	313.331	26.357	786895	987899	424.777	11348.2	2.32186e+06	9447.89	0	-1.27433e+06	-9474.25	-424.777	
428.448	309.834	26.3594	775930	993424	428.448	11233.4	2.33843e+06	9544.63	0	-1.28534e+06	-9570.99	-428.448	
433.883	304.786	26.3626	760020	1.00145e+06	433.883	11067.3	2.3628e+06	9687.91	0	-1.30165e+06	-9714.27	-433.883	
439.318	299.885	26.3655	744493	1.00929e+06	439.318	10905.5	2.38695e+06	9831.2	0	-1.31795e+06	-9857.56	-439.318	
444.753	295.125	26.3683	729338	1.01695e+06	444.753	10747.9	2.41091e+06	9974.5	0	-1.33426e+06	-10000.9	-444.753	
450.188	290.498	26.3708	714546	1.02444e+06	450.188	10594.2	2.43468e+06	10117.8	0	-1.35056e+06	-10144.2	-450.188	
455.623	285.999	26.3731	700109	1.03177e+06	455.623	10444.5	2.45824e+06	10261.2	0	-1.36687e+06	-10287.5	-455.623	
461.058	281.624	26.3752	686018	1.03895e+06	461.058	10298.4	2.48162e+06	10404.5	0	-1.38317e+06	-10430.9	-461.058	
466.493	277.367	26.3772	672263	1.04597e+06	466.493	10155.9	2.5048e+06	10547.9	0	-1.39948e+06	-10574.2	-466.493	
474.158	271.556	26.3797	653422	1.05563e+06	474.158	9960.76	2.53718e+06	10750	0	-1.42247e+06	-10776.4	-474.158	
481.822	265.959	26.3819	635210	1.06502e+06	481.822	9772.2	2.56919e+06	10952.2	0	-1.44547e+06	-10978.6	-481.822	
489.487	260.569	26.3839	617607	1.07415e+06	489.487	9589.96	2.60084e+06	11154.5	0	-1.46846e+06	-11180.8	-489.487	
490.548	259.838	26.3841	615217	1.0754e+06	490.548	9565.22	2.60519e+06	11182.4	0	-1.47164e+06	-11208.8	-490.548	
491.609	259.112	26.3844	612839	1.07664e+06	491.609	9540.6	2.60954e+06	11210.4	0	-1.47483e+06	-11236.8	-491.609	
492.669	258.389	26.3846	610471	1.07787e+06	492.669	9516.09	2.61388e+06	11238.4	0	-1.47801e+06	-11264.8	-492.669	
493.73	257.67	26.3849	608115	1.0791e+06	493.73	9491.7	2.61821e+06	11266.4	0	-1.48119e+06	-11292.8	-493.73	
495.852	256.242	26.3854	603435	1.08155e+06	495.852	9443.25	2.62686e+06	11322.4	0	-1.48756e+06	-11348.8	-495.852	
497.973	254.829	26.3858	598799	1.08398e+06	497.973	9395.25	2.63547e+06	11378.4	0	-1.49392e+06	-11404.8	-497.973	
500.095	253.43	26.3863	594206	1.0864e+06	500.095	9347.7	2.64407e+06	11434.4	0	-1.50029e+06	-11460.7	-500.095	
503.876	250.973	26.387	586128	1.09066e+06	503.876	9264.06	2.65931e+06	11534.1	0	-1.51163e+06	-11560.5	-503.876	
507.656	248.56	26.3878	578182	1.09487e+06	507.656	9181.8	2.67447e+06	11633.9	0	-1.52297e+06	-11660.3	-507.656	
511.437	246.19	26.3884	570368	1.09903e+06	511.437	9100.9	2.68955e+06	11733.6	0	-1.53431e+06	-11760	-511.437	
515.217	243.863	26.3891	562682	1.10314e+06	515.217	9021.34	2.70455e+06	11833.4	0	-1.54565e+06	-11859.8	-515.217	
521.201	240.265	26.39	550775	1.10955e+06	521.201	8898.1	2.72813e+06	11991.3	0	-1.5636e+06	-12017.7	-521.201	
527.184	236.768	26.3909	539176	1.11585e+06	527.184	8778.07	2.7515e+06	12149.2	0	-1.58155e+06	-12175.6	-527.184	
533.168	233.37	26.3917	527876	1.12204e+06	533.168	8661.18	2.77468e+06	12307.1	0	-1.5995e+06	-12333.5	-533.168	
539.151	230.068	26.3924	516867	1.12812e+06	539.151	8547.36	2.79767e+06	12465	0	-1.61745e+06	-12491.4	-539.151	
549.025	224.822	26.3935	499315	1.13796e+06	549.025	8366.05	2.8352e+06	12725.6	0	-1.64708e+06	-12752	-549.025	
558.899	219.819	26.3944	482499	1.14755e+06	558.899	8192.58	2.87223e+06	12986.3	0	-1.6767e+06	-13012.6	-558.899	
568.774	215.049	26.3952	466387	1.15691e+06	568.774	8026.68	2.90877e+06	13246.9	0	-1.70632e+06	-13273.3	-568.774	
578.648	210.501	26.3958	450947	1.16606e+06	578.648	7868.05	2.94484e+06	13507.5	0	-1.73594e+06	-13533.9	-578.648	
588.522	206.165	26.3964	436150	1.17502e+06	588.522	7716.43	2.98046e+06	13768.1	0	-1.76557e+06	-13794.5	-588.522	
602.41	200.41	26.3971	416372	1.18732e+06	602.41	7514.49	3.02981e+06	14134.8	0	-1.80723e+06	-14161.2	-602.41	
616.299	195.031	26.3976	397737	1.19931e+06	616.299	7325.13	3.07832e+06	14501.4	0	-1.8489e+06	-14527.8	-616.299	
630.187	190.006	26.3981	380176	1.211e+06	630.187	7147.63	3.12603e+06	14868	0	-1.89056e+06	-14894.4	-630.187	
644.075	185.312	26.3985	363624	1.22243e+06	644.075	6981.32	3.17299e+06	15234.6	0	-1.93223e+06	-15261	-644.075	
657.964	180.927	26.3987	348022	1.23363e+06	657.964	6825.53	3.21922e+06	15601.3	0	-1.97389e+06	-15627.7	-657.964	
675.703	175.744	26.399	329386	1.24762e+06	675.703	6640.81	3.27728e+06	16069.6	0	-2.02711e+06	-16096	-675.703	
693.443	170.993	26.3993	312101	1.26129e+06	693.443	6470.93	3.33429e+06	16537.9	0	-2.08033e+06	-16564.3	-693.443	
711.182	166.635	26.3994	296066	1.27467e+06	711.182	6314.72	3.39031e+06	17006.2	0	-2.13355e+06	-17032.6	-711.182	
728.922	162.639	26.3996	281190	1.28781e+06	728.922	6171.06	3.44542e+06	17474.5	0	-2.18677e+06	-17500.9	-728.922	
746.662	158.972	26.3997	267389	1.3007e+06	746.662	6038.92	3.49968e+06	17942.8	0	-2.23998e+06	-17969.2	-746.662	
764.401	155.606	26.3997	254583	1.31339e+06	764.401	5917.35	3.55314e+06	18411.1	0	-2.2932e+06	-18437.5	-764.401	
782.141	152.514	26.3998	242700	1.32589e+06	782.141	5805.47	3.60586e+06	18879.5	0	-2.34642e+06	-18905.9	-782.141	
799.88	149.674	26.3999	231674	1.33821e+06	799.88	5702.48	3.65789e+06	19347.8	0	-2.39964e+06	-19374.2	-799.88	
817.62	147.062	26.3999	221443	1.35037e+06	817.62	5607.64	3.70928e+06	19816.1	0	-2.45286e+06	-19842.5	-817.62	
835.359	144.661	26.3999	211950	1.36238e+06	835.359	5520.27	3.76007e+06	20284.4	0	-2.50608e+06	-20310.8	-835.359	
853.099	142.451	26.3999	203140	1.37425e+06	853.099	5439.77	3.81031e+06	20752.8	0	-2.5593e+06	-20779.2	-853.099	
870.839	140.417	26.3999	194966	1.386e+06	870.839	5365.55	3.86003e+06	21221.1	0	-2.61252e+06	-21247.5	-870.839	
891.158	138.283	26.4	186325	1.39931e+06	891.158	5287.62	3.9164e+06	21757.5	0	-2.67347e+06	-21783.9	-891.158	
911.477	136.34	26.4	178393	1.41249e+06	911.477	5216.56	3.97219e+06	22293.9	0	-2.73443e+06	-22320.3	-911.477	
931.797	134.571	26.4	171113	1.42553e+06	931.797	5151.75	4.02745e+06	22830.4	0	-2.79539e+06	-22856.8	-931.797	
952.116	132.957	26.4	164431	1.43846e+06	952.116	5092.61	4.08222e+06	23366.8	0	-2.85635e+06	-23393.2	-952.116	
972.435	131.486	26.4	158298	1.45128e+06	972.435	5038.62	4.13654e+06	23903.2	0	-2.91731e+06	-23929.6	-972.435	
992.755	130.144	26.4	152670	1.464e+06	992.755	4989.32	4.19046e+06	24439.7	0	-2.97826e+06	-24466.1	-992.755	
1000	129.694	26.4	150777	1.46852e+06	1000	4972.79	4.20959e+06	24630.9	0	-3e+06	-24657.3	-1000	
